WGS84 UTM 34N
668184.6023403073 9.97261246645273 0.0 43.0 1455.0 img_0.jpeg
668194.5749535974 9.972614113085362 0.0 19.0 1236.0 img_0.jpeg
668194.5749544206 0.0 0.0 281.0 1176.0 img_0.jpeg
668184.6023411308 0.0 0.0 324.0 1378.0 img_0.jpeg
668184.6023403073 9.97261246645273 0.0 241.0 288.0 img_2.jpeg
668194.5749535974 9.972614113085362 0.0 418.0 203.0 img_2.jpeg
668194.5749544206 0.0 0.0 551.0 320.0 img_2.jpeg
668184.6023411308 0.0 0.0 376.0 414.0 img_2.jpeg
668184.6023403073 9.97261246645273 0.0 1758.0 410.0 img_3.jpeg
668194.5749535974 9.972614113085362 0.0 1926.0 519.0 img_3.jpeg
668194.5749544206 0.0 0.0 1783.0 622.0 img_3.jpeg
668184.6023411308 0.0 0.0 1623.0 503.0 img_3.jpeg
668184.6023403073 9.97261246645273 0.0 59.0 994.0 img_15.jpeg
668194.5749535974 9.972614113085362 0.0 200.0 861.0 img_15.jpeg
668194.5749544206 0.0 0.0 389.0 896.0 img_15.jpeg
668184.6023411308 0.0 0.0 258.0 1036.0 img_15.jpeg
668184.6023403073 9.97261246645273 0.0 209.0 722.0 img_16.jpeg
668194.5749535974 9.972614113085362 0.0 347.0 631.0 img_16.jpeg
668194.5749544206 0.0 0.0 498.0 671.0 img_16.jpeg
668184.6023411308 0.0 0.0 367.0 769.0 img_16.jpeg
668184.6023403073 9.97261246645273 0.0 905.0 609.0 img_17.jpeg
668194.5749535974 9.972614113085362 0.0 1063.0 604.0 img_17.jpeg
668194.5749544206 0.0 0.0 1078.0 682.0 img_17.jpeg
668184.6023411308 0.0 0.0 908.0 687.0 img_17.jpeg
668184.6023403073 9.97261246645273 0.0 1100.0 628.0 img_18.jpeg
668194.5749535974 9.972614113085362 0.0 1250.0 644.0 img_18.jpeg
668194.5749544206 0.0 0.0 1229.0 716.0 img_18.jpeg
668184.6023411308 0.0 0.0 1069.0 695.0 img_18.jpeg
668184.6023403073 9.97261246645273 0.0 1324.0 439.0 img_19.jpeg
668194.5749535974 9.972614113085362 0.0 1511.0 480.0 img_19.jpeg
668194.5749544206 0.0 0.0 1455.0 580.0 img_19.jpeg
668184.6023411308 0.0 0.0 1256.0 529.0 img_19.jpeg
668184.6023403073 9.97261246645273 0.0 1494.0 520.0 img_20.jpeg
668194.5749535974 9.972614113085362 0.0 1659.0 570.0 img_20.jpeg
668194.5749544206 0.0 0.0 1582.0 642.0 img_20.jpeg
668184.6023411308 0.0 0.0 1414.0 584.0 img_20.jpeg
668184.6023403073 9.97261246645273 0.0 1703.0 588.0 img_21.jpeg
668194.5749535974 9.972614113085362 0.0 1853.0 656.0 img_21.jpeg
668194.5749544206 0.0 0.0 1742.0 713.0 img_21.jpeg
668184.6023411308 0.0 0.0 1590.0 637.0 img_21.jpeg
668184.6023403073 9.97261246645273 0.0 45.0 1169.0 img_23.jpeg
668194.5749535974 9.972614113085362 0.0 58.0 1005.0 img_23.jpeg
668194.5749544206 0.0 0.0 310.0 971.0 img_23.jpeg
668184.6023411308 0.0 0.0 319.0 1123.0 img_23.jpeg
668184.6023403073 9.97261246645273 0.0 1825.0 934.0 img_25.jpeg
668194.5749535974 9.972614113085362 0.0 1855.0 1024.0 img_25.jpeg
668194.5749544206 0.0 0.0 1663.0 1003.0 img_25.jpeg
668184.6023411308 0.0 0.0 1649.0 916.0 img_25.jpeg
668184.6023403073 9.97261246645273 0.0 1856.0 1108.0 img_26.jpeg
668194.5749535974 9.972614113085362 0.0 1784.0 1219.0 img_26.jpeg
668194.5749544206 0.0 0.0 1568.0 1125.0 img_26.jpeg
668184.6023411308 0.0 0.0 1652.0 1029.0 img_26.jpeg
668184.6023403073 9.97261246645273 0.0 2009.0 1221.0 img_28.jpeg
668194.5749535974 9.972614113085362 0.0 1941.0 1365.0 img_28.jpeg
668194.5749544206 0.0 0.0 1691.0 1251.0 img_28.jpeg
668184.6023411308 0.0 0.0 1776.0 1126.0 img_28.jpeg
668184.6023403073 9.97261246645273 0.0 1961.0 1372.0 img_29.jpeg
668194.5749535974 9.972614113085362 0.0 1828.0 1513.0 img_29.jpeg
668194.5749544206 0.0 0.0 1592.0 1354.0 img_29.jpeg
668184.6023411308 0.0 0.0 1734.0 1235.0 img_29.jpeg
668184.6023403073 9.97261246645273 0.0 1943.0 1049.0 img_31.jpeg
668194.5749535974 9.972614113085362 0.0 1942.0 1175.0 img_31.jpeg
668194.5749544206 0.0 0.0 1707.0 1119.0 img_31.jpeg
668184.6023411308 0.0 0.0 1727.0 1003.0 img_31.jpeg
668184.6023403073 9.97261246645273 0.0 70.0 1219.0 img_38.jpeg
668194.5749535974 9.972614113085362 0.0 47.0 1064.0 img_38.jpeg
668194.5749544206 0.0 0.0 209.0 1044.0 img_38.jpeg
668184.6023411308 0.0 0.0 231.0 1196.0 img_38.jpeg
