WGS84 UTM 34N
668184.6023403073 9.97261246645273 0.0 879.0 595.0 img_21.jpeg
668194.5749535974 9.972614113085362 0.0 895.0 680.0 img_21.jpeg
668194.5749544206 0.0 0.0 700.0 712.0 img_21.jpeg
668184.6023411308 0.0 0.0 700.0 626.0 img_21.jpeg
668184.6023403073 9.97261246645273 0.0 900.0 508.0 img_22.jpeg
668194.5749535974 9.972614113085362 0.0 913.0 610.0 img_22.jpeg
668194.5749544206 0.0 0.0 720.0 640.0 img_22.jpeg
668184.6023411308 0.0 0.0 719.0 538.0 img_22.jpeg
668184.6023403073 9.97261246645273 0.0 909.0 313.0 img_24.jpeg
668194.5749535974 9.972614113085362 0.0 917.0 449.0 img_24.jpeg
668194.5749544206 0.0 0.0 724.0 468.0 img_24.jpeg
668184.6023411308 0.0 0.0 724.0 332.0 img_24.jpeg
668184.6023403073 9.97261246645273 0.0 701.0 1767.0 img_25.jpeg
668194.5749535974 9.972614113085362 0.0 692.0 1600.0 img_25.jpeg
668194.5749544206 0.0 0.0 894.0 1580.0 img_25.jpeg
668184.6023411308 0.0 0.0 895.0 1744.0 img_25.jpeg
668184.6023403073 9.97261246645273 0.0 365.0 603.0 img_27.jpeg
668194.5749535974 9.972614113085362 0.0 510.0 615.0 img_27.jpeg
668194.5749544206 0.0 0.0 477.0 739.0 img_27.jpeg
668184.6023411308 0.0 0.0 325.0 728.0 img_27.jpeg
668184.6023403073 9.97261246645273 0.0 1706.0 927.0 img_28.jpeg
668194.5749535974 9.972614113085362 0.0 1563.0 923.0 img_28.jpeg
668194.5749544206 0.0 0.0 1584.0 790.0 img_28.jpeg
668184.6023411308 0.0 0.0 1731.0 794.0 img_28.jpeg
668184.6023403073 9.97261246645273 0.0 1793.0 954.0 img_29.jpeg
668194.5749535974 9.972614113085362 0.0 1642.0 954.0 img_29.jpeg
668194.5749544206 0.0 0.0 1646.0 803.0 img_29.jpeg
668184.6023411308 0.0 0.0 1798.0 800.0 img_29.jpeg
668184.6023403073 9.97261246645273 0.0 1893.0 845.0 img_30.jpeg
668194.5749535974 9.972614113085362 0.0 1717.0 851.0 img_30.jpeg
668194.5749544206 0.0 0.0 1694.0 677.0 img_30.jpeg
668184.6023411308 0.0 0.0 1866.0 670.0 img_30.jpeg
668184.6023403073 9.97261246645273 0.0 1943.0 956.0 img_31.jpeg
668194.5749535974 9.972614113085362 0.0 1761.0 963.0 img_31.jpeg
668194.5749544206 0.0 0.0 1718.0 791.0 img_31.jpeg
668184.6023411308 0.0 0.0 1893.0 784.0 img_31.jpeg
668184.6023403073 9.97261246645273 0.0 887.0 461.0 img_32.jpeg
668194.5749535974 9.972614113085362 0.0 897.0 577.0 img_32.jpeg
668194.5749544206 0.0 0.0 709.0 603.0 img_32.jpeg
668184.6023411308 0.0 0.0 709.0 488.0 img_32.jpeg
668184.6023403073 9.97261246645273 0.0 1823.0 1080.0 img_33.jpeg
668194.5749535974 9.972614113085362 0.0 1633.0 1057.0 img_33.jpeg
668194.5749544206 0.0 0.0 1618.0 919.0 img_33.jpeg
668184.6023411308 0.0 0.0 1795.0 940.0 img_33.jpeg
668184.6023403073 9.97261246645273 0.0 1805.0 1206.0 img_34.jpeg
668194.5749535974 9.972614113085362 0.0 1612.0 1147.0 img_34.jpeg
668194.5749544206 0.0 0.0 1638.0 1013.0 img_34.jpeg
668184.6023411308 0.0 0.0 1821.0 1065.0 img_34.jpeg
668184.6023403073 9.97261246645273 0.0 1659.0 1408.0 img_35.jpeg
668194.5749535974 9.972614113085362 0.0 1473.0 1290.0 img_35.jpeg
668194.5749544206 0.0 0.0 1560.0 1162.0 img_35.jpeg
668184.6023411308 0.0 0.0 1739.0 1266.0 img_35.jpeg
668184.6023403073 9.97261246645273 0.0 1421.0 1480.0 img_36.jpeg
668194.5749535974 9.972614113085362 0.0 1260.0 1325.0 img_36.jpeg
668194.5749544206 0.0 0.0 1400.0 1215.0 img_36.jpeg
668184.6023411308 0.0 0.0 1561.0 1352.0 img_36.jpeg
668184.6023403073 9.97261246645273 0.0 143.0 914.0 img_38.jpeg
668194.5749535974 9.972614113085362 0.0 359.0 882.0 img_38.jpeg
668194.5749544206 0.0 0.0 388.0 1062.0 img_38.jpeg
668184.6023411308 0.0 0.0 162.0 1104.0 img_38.jpeg
668184.6023403073 9.97261246645273 0.0 82.0 798.0 img_39.jpeg
668194.5749535974 9.972614113085362 0.0 282.0 815.0 img_39.jpeg
668194.5749544206 0.0 0.0 236.0 987.0 img_39.jpeg
668184.6023411308 0.0 0.0 26.0 972.0 img_39.jpeg
668184.6023403073 9.97261246645273 0.0 242.0 662.0 img_40.jpeg
668194.5749535974 9.972614113085362 0.0 401.0 704.0 img_40.jpeg
668194.5749544206 0.0 0.0 324.0 839.0 img_40.jpeg
668184.6023411308 0.0 0.0 156.0 795.0 img_40.jpeg
668184.6023403073 9.97261246645273 0.0 1895.0 987.0 img_41.jpeg
668194.5749535974 9.972614113085362 0.0 1717.0 992.0 img_41.jpeg
668194.5749544206 0.0 0.0 1666.0 850.0 img_41.jpeg
668184.6023411308 0.0 0.0 1833.0 848.0 img_41.jpeg
668184.6023403073 9.97261246645273 0.0 677.0 454.0 img_42.jpeg
668194.5749535974 9.972614113085362 0.0 762.0 521.0 img_42.jpeg
668194.5749544206 0.0 0.0 648.0 586.0 img_42.jpeg
668184.6023411308 0.0 0.0 564.0 515.0 img_42.jpeg
668184.6023403073 9.97261246645273 0.0 879.0 492.0 img_43.jpeg
668194.5749535974 9.972614113085362 0.0 933.0 558.0 img_43.jpeg
668194.5749544206 0.0 0.0 818.0 598.0 img_43.jpeg
668184.6023411308 0.0 0.0 766.0 530.0 img_43.jpeg
668184.6023403073 9.97261246645273 0.0 990.0 426.0 img_44.jpeg
668194.5749535974 9.972614113085362 0.0 1020.0 491.0 img_44.jpeg
668194.5749544206 0.0 0.0 908.0 514.0 img_44.jpeg
668184.6023411308 0.0 0.0 881.0 449.0 img_44.jpeg
668184.6023403073 9.97261246645273 0.0 1447.0 590.0 img_45.jpeg
668194.5749535974 9.972614113085362 0.0 1400.0 643.0 img_45.jpeg
668194.5749544206 0.0 0.0 1289.0 608.0 img_45.jpeg
668184.6023411308 0.0 0.0 1338.0 559.0 img_45.jpeg
668184.6023403073 9.97261246645273 0.0 1640.0 719.0 img_46.jpeg
668194.5749535974 9.972614113085362 0.0 1555.0 760.0 img_46.jpeg
668194.5749544206 0.0 0.0 1450.0 699.0 img_46.jpeg
668184.6023411308 0.0 0.0 1535.0 663.0 img_46.jpeg
668184.6023403073 9.97261246645273 0.0 1617.0 811.0 img_47.jpeg
668194.5749535974 9.972614113085362 0.0 1512.0 846.0 img_47.jpeg
668194.5749544206 0.0 0.0 1422.0 779.0 img_47.jpeg
668184.6023411308 0.0 0.0 1523.0 750.0 img_47.jpeg
668184.6023403073 9.97261246645273 0.0 1781.0 824.0 img_48.jpeg
668194.5749535974 9.972614113085362 0.0 1634.0 841.0 img_48.jpeg
668194.5749544206 0.0 0.0 1562.0 762.0 img_48.jpeg
668184.6023411308 0.0 0.0 1700.0 748.0 img_48.jpeg
668184.6023403073 9.97261246645273 0.0 1940.0 895.0 img_49.jpeg
668194.5749535974 9.972614113085362 0.0 1738.0 902.0 img_49.jpeg
668194.5749544206 0.0 0.0 1685.0 804.0 img_49.jpeg
668184.6023411308 0.0 0.0 1869.0 798.0 img_49.jpeg
668184.6023403073 9.97261246645273 0.0 429.0 505.0 img_50.jpeg
668194.5749535974 9.972614113085362 0.0 551.0 565.0 img_50.jpeg
668194.5749544206 0.0 0.0 448.0 663.0 img_50.jpeg
668184.6023411308 0.0 0.0 321.0 599.0 img_50.jpeg
668184.6023403073 9.97261246645273 0.0 256.0 450.0 img_71.jpeg
668194.5749535974 9.972614113085362 0.0 412.0 525.0 img_71.jpeg
668194.5749544206 0.0 0.0 217.0 657.0 img_71.jpeg
668184.6023411308 0.0 0.0 64.0 571.0 img_71.jpeg
668184.6023403073 9.97261246645273 0.0 463.0 457.0 img_72.jpeg
668194.5749535974 9.972614113085362 0.0 581.0 536.0 img_72.jpeg
668194.5749544206 0.0 0.0 389.0 629.0 img_72.jpeg
668184.6023411308 0.0 0.0 280.0 539.0 img_72.jpeg
668184.6023403073 9.97261246645273 0.0 839.0 503.0 img_74.jpeg
668194.5749535974 9.972614113085362 0.0 900.0 572.0 img_74.jpeg
668194.5749544206 0.0 0.0 736.0 612.0 img_74.jpeg
668184.6023411308 0.0 0.0 684.0 539.0 img_74.jpeg
668184.6023403073 9.97261246645273 0.0 929.0 486.0 img_75.jpeg
668194.5749535974 9.972614113085362 0.0 969.0 555.0 img_75.jpeg
668194.5749544206 0.0 0.0 804.0 581.0 img_75.jpeg
668184.6023411308 0.0 0.0 774.0 511.0 img_75.jpeg
668184.6023403073 9.97261246645273 0.0 1234.0 475.0 img_76.jpeg
668194.5749535974 9.972614113085362 0.0 1244.0 550.0 img_76.jpeg
668194.5749544206 0.0 0.0 1075.0 551.0 img_76.jpeg
668184.6023411308 0.0 0.0 1078.0 477.0 img_76.jpeg
668184.6023403073 9.97261246645273 0.0 1293.0 474.0 img_77.jpeg
668194.5749535974 9.972614113085362 0.0 1289.0 552.0 img_77.jpeg
668194.5749544206 0.0 0.0 1118.0 545.0 img_77.jpeg
668184.6023411308 0.0 0.0 1131.0 470.0 img_77.jpeg
668184.6023403073 9.97261246645273 0.0 612.0 545.0 img_79.jpeg
668194.5749535974 9.972614113085362 0.0 689.0 617.0 img_79.jpeg
668194.5749544206 0.0 0.0 513.0 676.0 img_79.jpeg
668184.6023411308 0.0 0.0 445.0 597.0 img_79.jpeg
668184.6023403073 9.97261246645273 0.0 1577.0 542.0 img_80.jpeg
668194.5749535974 9.972614113085362 0.0 1527.0 625.0 img_80.jpeg
668194.5749544206 0.0 0.0 1346.0 586.0 img_80.jpeg
668184.6023411308 0.0 0.0 1406.0 510.0 img_80.jpeg
668184.6023403073 9.97261246645273 0.0 1700.0 549.0 img_81.jpeg
668194.5749535974 9.972614113085362 0.0 1631.0 627.0 img_81.jpeg
668194.5749544206 0.0 0.0 1453.0 575.0 img_81.jpeg
668184.6023411308 0.0 0.0 1528.0 506.0 img_81.jpeg
668184.6023403073 9.97261246645273 0.0 1728.0 603.0 img_82.jpeg
668194.5749535974 9.972614113085362 0.0 1643.0 677.0 img_82.jpeg
668194.5749544206 0.0 0.0 1472.0 616.0 img_82.jpeg
668184.6023411308 0.0 0.0 1561.0 552.0 img_82.jpeg
668184.6023403073 9.97261246645273 0.0 1831.0 664.0 img_83.jpeg
668194.5749535974 9.972614113085362 0.0 1718.0 729.0 img_83.jpeg
668194.5749544206 0.0 0.0 1557.0 652.0 img_83.jpeg
668184.6023411308 0.0 0.0 1671.0 596.0 img_83.jpeg
668184.6023403073 9.97261246645273 0.0 1940.0 737.0 img_84.jpeg
668194.5749535974 9.972614113085362 0.0 1804.0 794.0 img_84.jpeg
668194.5749544206 0.0 0.0 1653.0 705.0 img_84.jpeg
668184.6023411308 0.0 0.0 1786.0 657.0 img_84.jpeg
668184.6023403073 9.97261246645273 0.0 1957.0 909.0 img_86.jpeg
668194.5749535974 9.972614113085362 0.0 1775.0 941.0 img_86.jpeg
668194.5749544206 0.0 0.0 1664.0 831.0 img_86.jpeg
668184.6023411308 0.0 0.0 1835.0 805.0 img_86.jpeg
668184.6023403073 9.97261246645273 0.0 2010.0 993.0 img_87.jpeg
668194.5749535974 9.972614113085362 0.0 1808.0 1009.0 img_87.jpeg
668194.5749544206 0.0 0.0 1720.0 888.0 img_87.jpeg
668184.6023411308 0.0 0.0 1906.0 877.0 img_87.jpeg
668184.6023403073 9.97261246645273 0.0 1967.0 830.0 img_88.jpeg
668194.5749535974 9.972614113085362 0.0 1802.0 874.0 img_88.jpeg
668194.5749544206 0.0 0.0 1672.0 770.0 img_88.jpeg
668184.6023411308 0.0 0.0 1829.0 733.0 img_88.jpeg
