WGS84 UTM 34N
668184.6023403073 9.97261246645273 0.0 1148.0 1031.0 img_0.jpeg
668194.5749535974 9.972614113085362 0.0 1217.0 1104.0 img_0.jpeg
668194.5749544206 0.0 0.0 1042.0 1105.0 img_0.jpeg
668184.6023411308 0.0 0.0 985.0 1031.0 img_0.jpeg
668184.6023403073 9.97261246645273 0.0 1138.0 1023.0 img_1.jpeg
668194.5749535974 9.972614113085362 0.0 1201.0 1108.0 img_1.jpeg
668194.5749544206 0.0 0.0 1032.0 1106.0 img_1.jpeg
668184.6023411308 0.0 0.0 982.0 1022.0 img_1.jpeg
668184.6023403073 9.97261246645273 0.0 57.0 1240.0 img_3.jpeg
668194.5749535974 9.972614113085362 0.0 154.0 1142.0 img_3.jpeg
668194.5749544206 0.0 0.0 367.0 1135.0 img_3.jpeg
668184.6023411308 0.0 0.0 298.0 1233.0 img_3.jpeg
668184.6023403073 9.97261246645273 0.0 167.0 1479.0 img_5.jpeg
668194.5749535974 9.972614113085362 0.0 216.0 1291.0 img_5.jpeg
668194.5749544206 0.0 0.0 412.0 1283.0 img_5.jpeg
668184.6023411308 0.0 0.0 378.0 1472.0 img_5.jpeg
668184.6023403073 9.97261246645273 0.0 1440.0 1351.0 img_6.jpeg
668194.5749535974 9.972614113085362 0.0 1147.0 1340.0 img_6.jpeg
668194.5749544206 0.0 0.0 1120.0 1126.0 img_6.jpeg
668184.6023411308 0.0 0.0 1380.0 1134.0 img_6.jpeg
668184.6023403073 9.97261246645273 0.0 1377.0 1507.0 img_7.jpeg
668194.5749535974 9.972614113085362 0.0 1093.0 1508.0 img_7.jpeg
668194.5749544206 0.0 0.0 1074.0 1253.0 img_7.jpeg
668184.6023411308 0.0 0.0 1329.0 1259.0 img_7.jpeg
668184.6023403073 9.97261246645273 0.0 1083.0 1016.0 img_8.jpeg
668194.5749535974 9.972614113085362 0.0 1132.0 1112.0 img_8.jpeg
668194.5749544206 0.0 0.0 978.0 1109.0 img_8.jpeg
668184.6023411308 0.0 0.0 939.0 1013.0 img_8.jpeg
668184.6023403073 9.97261246645273 0.0 642.0 64.0 img_9.jpeg
668194.5749535974 9.972614113085362 0.0 855.0 60.0 img_9.jpeg
668194.5749544206 0.0 0.0 866.0 281.0 img_9.jpeg
668184.6023411308 0.0 0.0 661.0 285.0 img_9.jpeg
668184.6023403073 9.97261246645273 0.0 820.0 246.0 img_10.jpeg
668194.5749535974 9.972614113085362 0.0 991.0 257.0 img_10.jpeg
668194.5749544206 0.0 0.0 979.0 421.0 img_10.jpeg
668184.6023411308 0.0 0.0 806.0 410.0 img_10.jpeg
668184.6023403073 9.97261246645273 0.0 857.0 362.0 img_11.jpeg
668194.5749535974 9.972614113085362 0.0 1017.0 376.0 img_11.jpeg
668194.5749544206 0.0 0.0 1001.0 522.0 img_11.jpeg
668184.6023411308 0.0 0.0 835.0 507.0 img_11.jpeg
668184.6023403073 9.97261246645273 0.0 866.0 426.0 img_12.jpeg
668194.5749535974 9.972614113085362 0.0 1019.0 440.0 img_12.jpeg
668194.5749544206 0.0 0.0 1002.0 555.0 img_12.jpeg
668184.6023411308 0.0 0.0 841.0 542.0 img_12.jpeg
668184.6023403073 9.97261246645273 0.0 1359.0 1450.0 img_13.jpeg
668194.5749535974 9.972614113085362 0.0 1114.0 1449.0 img_13.jpeg
668194.5749544206 0.0 0.0 1107.0 1206.0 img_13.jpeg
668184.6023411308 0.0 0.0 1337.0 1208.0 img_13.jpeg
668184.6023403073 9.97261246645273 0.0 1332.0 766.0 img_18.jpeg
668194.5749535974 9.972614113085362 0.0 1434.0 826.0 img_18.jpeg
668194.5749544206 0.0 0.0 1307.0 865.0 img_18.jpeg
668184.6023411308 0.0 0.0 1212.0 802.0 img_18.jpeg
668184.6023403073 9.97261246645273 0.0 1421.0 694.0 img_19.jpeg
668194.5749535974 9.972614113085362 0.0 1503.0 767.0 img_19.jpeg
668194.5749544206 0.0 0.0 1350.0 792.0 img_19.jpeg
668184.6023411308 0.0 0.0 1279.0 719.0 img_19.jpeg
668184.6023403073 9.97261246645273 0.0 1439.0 707.0 img_20.jpeg
668194.5749535974 9.972614113085362 0.0 1497.0 784.0 img_20.jpeg
668194.5749544206 0.0 0.0 1332.0 798.0 img_20.jpeg
668184.6023411308 0.0 0.0 1285.0 719.0 img_20.jpeg
668184.6023403073 9.97261246645273 0.0 1496.0 767.0 img_21.jpeg
668194.5749535974 9.972614113085362 0.0 1526.0 849.0 img_21.jpeg
668194.5749544206 0.0 0.0 1350.0 845.0 img_21.jpeg
668184.6023411308 0.0 0.0 1332.0 766.0 img_21.jpeg
668184.6023403073 9.97261246645273 0.0 1597.0 984.0 img_23.jpeg
668194.5749535974 9.972614113085362 0.0 1556.0 1083.0 img_23.jpeg
668194.5749544206 0.0 0.0 1363.0 1026.0 img_23.jpeg
668184.6023411308 0.0 0.0 1415.0 941.0 img_23.jpeg
668184.6023403073 9.97261246645273 0.0 1614.0 1159.0 img_24.jpeg
668194.5749535974 9.972614113085362 0.0 1503.0 1274.0 img_24.jpeg
668194.5749544206 0.0 0.0 1302.0 1164.0 img_24.jpeg
668184.6023411308 0.0 0.0 1418.0 1068.0 img_24.jpeg
668184.6023403073 9.97261246645273 0.0 1649.0 1263.0 img_25.jpeg
668194.5749535974 9.972614113085362 0.0 1463.0 1352.0 img_25.jpeg
668194.5749544206 0.0 0.0 1309.0 1198.0 img_25.jpeg
668184.6023411308 0.0 0.0 1484.0 1127.0 img_25.jpeg
668184.6023403073 9.97261246645273 0.0 1599.0 1449.0 img_26.jpeg
668194.5749535974 9.972614113085362 0.0 1347.0 1499.0 img_26.jpeg
668194.5749544206 0.0 0.0 1257.0 1299.0 img_26.jpeg
668184.6023411308 0.0 0.0 1484.0 1264.0 img_26.jpeg
668184.6023403073 9.97261246645273 0.0 1205.0 1513.0 img_27.jpeg
668194.5749535974 9.972614113085362 0.0 918.0 1468.0 img_27.jpeg
668194.5749544206 0.0 0.0 978.0 1259.0 img_27.jpeg
668184.6023411308 0.0 0.0 1230.0 1292.0 img_27.jpeg
668184.6023403073 9.97261246645273 0.0 1027.0 1393.0 img_28.jpeg
668194.5749535974 9.972614113085362 0.0 816.0 1315.0 img_28.jpeg
668194.5749544206 0.0 0.0 932.0 1176.0 img_28.jpeg
668184.6023411308 0.0 0.0 1128.0 1240.0 img_28.jpeg
668184.6023403073 9.97261246645273 0.0 862.0 1386.0 img_29.jpeg
668194.5749535974 9.972614113085362 0.0 700.0 1289.0 img_29.jpeg
668194.5749544206 0.0 0.0 853.0 1181.0 img_29.jpeg
668184.6023411308 0.0 0.0 1009.0 1261.0 img_29.jpeg
668184.6023403073 9.97261246645273 0.0 1501.0 808.0 img_30.jpeg
668194.5749535974 9.972614113085362 0.0 1505.0 894.0 img_30.jpeg
668194.5749544206 0.0 0.0 1324.0 875.0 img_30.jpeg
668184.6023411308 0.0 0.0 1332.0 794.0 img_30.jpeg
668184.6023403073 9.97261246645273 0.0 539.0 1116.0 img_31.jpeg
668194.5749535974 9.972614113085362 0.0 501.0 1002.0 img_31.jpeg
668194.5749544206 0.0 0.0 694.0 954.0 img_31.jpeg
668184.6023411308 0.0 0.0 748.0 1058.0 img_31.jpeg
668184.6023403073 9.97261246645273 0.0 522.0 934.0 img_32.jpeg
668194.5749535974 9.972614113085362 0.0 608.0 854.0 img_32.jpeg
668194.5749544206 0.0 0.0 757.0 875.0 img_32.jpeg
668184.6023411308 0.0 0.0 682.0 961.0 img_32.jpeg
668184.6023403073 9.97261246645273 0.0 518.0 868.0 img_33.jpeg
668194.5749535974 9.972614113085362 0.0 615.0 788.0 img_33.jpeg
668194.5749544206 0.0 0.0 761.0 816.0 img_33.jpeg
668184.6023411308 0.0 0.0 671.0 902.0 img_33.jpeg
668184.6023403073 9.97261246645273 0.0 516.0 861.0 img_34.jpeg
668194.5749535974 9.972614113085362 0.0 623.0 789.0 img_34.jpeg
668194.5749544206 0.0 0.0 758.0 822.0 img_34.jpeg
668184.6023411308 0.0 0.0 659.0 901.0 img_34.jpeg
668184.6023403073 9.97261246645273 0.0 516.0 815.0 img_35.jpeg
668194.5749535974 9.972614113085362 0.0 638.0 749.0 img_35.jpeg
668194.5749544206 0.0 0.0 761.0 791.0 img_35.jpeg
668184.6023411308 0.0 0.0 643.0 865.0 img_35.jpeg
668184.6023403073 9.97261246645273 0.0 589.0 800.0 img_36.jpeg
668194.5749535974 9.972614113085362 0.0 717.0 746.0 img_36.jpeg
668194.5749544206 0.0 0.0 821.0 795.0 img_36.jpeg
668184.6023411308 0.0 0.0 692.0 857.0 img_36.jpeg
668184.6023403073 9.97261246645273 0.0 783.0 1256.0 img_37.jpeg
668194.5749535974 9.972614113085362 0.0 683.0 1148.0 img_37.jpeg
668194.5749544206 0.0 0.0 852.0 1076.0 img_37.jpeg
668184.6023411308 0.0 0.0 962.0 1167.0 img_37.jpeg
668184.6023403073 9.97261246645273 0.0 703.0 723.0 img_38.jpeg
668194.5749535974 9.972614113085362 0.0 845.0 696.0 img_38.jpeg
668194.5749544206 0.0 0.0 898.0 757.0 img_38.jpeg
668184.6023411308 0.0 0.0 748.0 789.0 img_38.jpeg
668184.6023403073 9.97261246645273 0.0 785.0 722.0 img_39.jpeg
668194.5749535974 9.972614113085362 0.0 924.0 707.0 img_39.jpeg
668194.5749544206 0.0 0.0 955.0 768.0 img_39.jpeg
668184.6023411308 0.0 0.0 805.0 787.0 img_39.jpeg
668184.6023403073 9.97261246645273 0.0 878.0 749.0 img_40.jpeg
668194.5749535974 9.972614113085362 0.0 1010.0 745.0 img_40.jpeg
668194.5749544206 0.0 0.0 1020.0 803.0 img_40.jpeg
668184.6023411308 0.0 0.0 878.0 809.0 img_40.jpeg
668184.6023403073 9.97261246645273 0.0 660.0 771.0 img_42.jpeg
668194.5749535974 9.972614113085362 0.0 799.0 731.0 img_42.jpeg
668194.5749544206 0.0 0.0 876.0 788.0 img_42.jpeg
668184.6023411308 0.0 0.0 731.0 835.0 img_42.jpeg
